0,547
0,546
0,545
36,174
36,173
0,544
36,172
36,171
36,170
36,169
0,543
0,542
0,541
38,9
38,8
36,168
36,167
36,166
36,165
36,164
36,163
36,162
36,161
36,160
36,159
36,158
36,157
36,156
36,155
36,154
36,153
36,152
36,151
36,150
36,149
36,148
36,147
36,146
36,145
36,144
36,143
36,142
36,141
36,140
36,139
36,138
36,137
36,136
36,135
36,134
36,133
36,132
36,131
36,130
36,129
36,128
34,3
28,5
27,4
36,2
36,0
30,4
31,4
30,5
38,6
38,4
14,5
51,35
10,75
10,261
10,12
10,114
10,304
10,173
10,32
10,174
11,6
11,20
11,24
11,19
11,28
11,27
11,15
11,2
11,3
9,5
8,18
8,8
8,16
8,7
12,2
12,1
12,3
47,4
47,3
47,2
47,1
47,0
42,5
42,4
42,3
42,2
42,1
42,0
40,5
40,4
40,3
40,2
40,1
40,0
39,5
39,4
39,3
39,2
39,1
39,0
38,5
38,3
38,1
37,4
37,3
37,1
36,127
36,126
14,1
36,125
36,124
36,123
36,122
36,121
36,120
36,119
36,118
36,117
36,116
36,115
36,114
36,113
36,112
36,111
14,4
36,110
36,109
36,108
36,107
36,106
36,105
36,104
36,103
36,102
14,3
13,1
13,3
36,101
36,100
36,99
36,98
36,97
36,96
